[button_update_cart.jpg]
moddate=04af5f48e10ecc01
width=128
height=24
text=1;155;14;Ubdate My Cart;Lucida Calligraphy Italic;0.003220,0.102447,0.591549,6.283185;v1,4278190080,4278190080,128.000000,1.000000,0.000000,1.000000,400,0,49152;;
textactive=1
