[schools.jpg]
text=1;155;14;Update My Cart;Lucida Calligraphy Italic;0.052814,0.102193,0.539353,6.283185;v1,4278190080,4278190080,128.000000,1.000000,0.000000,1.000000,400,0,49152;;
backuphash=64794
textactive=1
[button_update_cart.jpg]
backuphash=30009
